46C	0	22.97511481283255	53.9107339640582
46C	1	22.97515108138791	53.910937575442844
46D	0	22.974814466381382	53.91100562393925
46D	1	22.97515108138791	53.910937575442844
46E	0	22.974932937205324	53.91016480384391
46E	1	22.974807851984046	53.91014860063041
46E	2	22.97477444528113	53.91015586991265
46F	0	22.99913491989697	53.86510183698035
46F	1	22.99833132374771	53.86565752913229
470	0	22.99833132374771	53.86565752913229
470	1	22.997565414114064	53.866118486564545
471	0	22.997565414114067	53.86611848656451
471	1	22.99742674726262	53.86620220268334
472	0	22.997426747262566	53.86620220268332
472	1	22.996939164167934	53.86644558265722
473	0	22.996939164167934	53.86644558265722
473	1	22.99656984347683	53.866647509789395
474	0	22.99625211796388	53.86687868154227
474	1	22.99607465571484	53.86700903905901
475	0	22.996074655714782	53.867009039059
475	1	22.995948104100982	53.867222242282395
476	0	22.992215612852196	53.87327953713289
476	1	22.991855652976163	53.87374436888241
477	0	22.991855652976163	53.87374436888241
477	1	22.99176691180731	53.873956852392425
478	0	22.99176691180731	53.87395685239241
478	1	22.99179673430218	53.87410198042896
479	0	22.990300117978016	53.87705885002164
479	1	22.99008740219467	53.87753719220184
47A	0	22.989768675309158	53.87825390410309
47A	1	22.989575649606074	53.87868794284637
47B	0	22.989575649606074	53.87868794284637
47B	1	22.989492280916867	53.8788754490351
47C	0	22.982654652498876	53.89380844894806
47C	1	22.982568091288133	53.894002613154115
47D	0	22.978101047792755	53.903845149912534
47D	1	22.97808300454605	53.90396720042762
47E	0	22.97808300454605	53.90396720042763
47E	1	22.978034594346074	53.90394872551086
47F	0	22.978034594346074	53.90394872551086
47F	1	22.977713920145973	53.90448903981346
480	0	22.977713920145973	53.90448903981346
480	1	22.977637393206553	53.90456220684551
481	0	22.977637393206553	53.90456220684551
481	1	22.977251234015203	53.90484088600687
482	0	22.977251234015203	53.90484088600687
482	1	22.976644332887325	53.90519181384586
483	0	22.97693900666564	53.90538287375444
483	1	22.977027961093892	53.90533462926278
484	0	22.976715430048916	53.90646726506906
484	1	22.976541406650476	53.9064889953191
485	0	22.976541406650476	53.9064889953191
485	1	22.976337641681422	53.9069303749097
486	0	22.97557002581726	53.9085911652117
486	1	22.975270679840797	53.90923331465314
487	0	22.975270679840825	53.90923331465314
487	1	22.974932937205324	53.91016480384392
488	0	22.978115932044147	53.91790358288659
488	1	22.978146579799798	53.917982467461606
489	0	22.978146579799798	53.917982467461606
489	1	22.978177125945525	53.9180479961974
48A	0	22.978180448010797	53.91805512256681
48A	1	22.978476756409417	53.91869076187481
48B	0	22.978476682667466	53.91869077830538
48B	1	22.978967978530765	53.91974456121519
48C	0	22.978967978530765	53.91974456121519
48C	1	22.97912903072104	53.92008993813537
48D	0	22.979432001449638	53.921972373315306
48D	1	22.979450095125575	53.921972992057434
48E	0	22.979450095125546	53.921972992057434
48E	1	22.979413837479417	53.92244527981126
48F	0	22.97941383747936	53.92244527981126
48F	1	22.979377578945623	53.922917567513565
490	0	22.979377578945623	53.922917567513544
490	1	22.979318730332043	53.92374481771233
491	0	22.979318730337983	53.92374481762917
491	1	22.979292129835592	53.924117449766754
492	0	22.979292137622757	53.92411734068112
492	1	22.97926669769647	53.92447355391459
493	0	22.97926669769647	53.92447355391459
493	1	22.979244310098164	53.9247858815239
494	0	22.979244310098164	53.9247858815239
494	1	22.97922237999538	53.92509192310923
495	0	22.979196819646674	53.92573390398638
495	1	22.979186787722867	53.92598280862873
496	0	22.979186787722867	53.92598280862872
496	1	22.979168715325848	53.92643642585059
497	0	22.979062044456487	53.92808113449404
497	1	22.979021603591775	53.928621451739424
498	0	22.979021603591775	53.928621451739424
498	1	22.978981736679287	53.92915692160658
499	0	22.978981736679287	53.92915692160658
499	1	22.978935491362616	53.92977275791868
49A	0	22.978935491362616	53.92977275791868
49A	1	22.97890407266214	53.93019283510461
49B	0	22.97890407266211	53.93019283510461
49B	1	22.978858519172576	53.93075840299555
49C	0	22.978858519172576	53.93075840299555
49C	1	22.97881296435215	53.9313239708109
49D	0	22.978566288178378	53.93442925673806
49D	1	22.978545066851968	53.93470583118668
49E	0	22.978524233095868	53.93497899440787
49E	1	22.978498912406373	53.935311154507346
49F	0	22.978494918966398	53.93536242802519
49F	1	22.978486753890603	53.93546915182363
4A0	0	22.978486753890575	53.9354691518236
4A0	1	22.97847858876958	53.93557587561944
4A1	0	22.978065510483326	53.93614389993921
4A1	1	22.977752726428154	53.9361205907129
4A2	0	22.977752726428154	53.9361205907129
4A2	1	22.977747002678342	53.93614733212081
4A3	0	22.977737461356018	53.9361919090865
4A3	1	22.97772564722727	53.93624494781607
4A4	0	22.97772564722727	53.93624494781606
4A4	1	22.977893554600456	53.93627928350798
4A5	0	22.977893554710818	53.93627928307067
4A5	1	22.97759839168498	53.93651106013931
4A6	0	22.97759839168501	53.93651106013933
4A6	1	22.97708275356051	53.936916051325404
4A7	0	22.97708275356051	53.936916051325404
4A7	1	22.976562758760142	53.93732441769635
4A8	0	22.976562758760142	53.93732441769635
4A8	1	22.976026297905438	53.93774558064089
4A9	0	22.97584523398342	53.93788524476097
4A9	1	22.975770380818236	53.93794135021292
4AA	0	22.975770380818236	53.9379413502129
4AA	1	22.975280613203164	53.93830836573806
4AB	0	22.975280613203164	53.93830836573807
4AB	1	22.97508304023222	53.9384565589223
4AC	0	22.97508304023222	53.93845655892231
4AC	1	22.974885465858282	53.938604751771564
4AD	0	22.974885465858282	53.938604751771564
4AD	1	22.974791918205643	53.93867475944543
4AE	0	22.974136590415068	53.939165975035074
4AE	1	22.97363367873672	53.93954302529153
4AF	0	22.97363367873672	53.93954302529153
4AF	1	22.973130757971393	53.93992007337764
4B0	0	22.973130757971425	53.93992007337766
4B0	1	22.972571126779982	53.940339315640756
4B1	0	22.972571126779982	53.940339315640756
4B1	1	22.972080832839865	53.940706852829955
4B2	0	22.972080832839865	53.94070685282994
4B2	1	22.971779474717493	53.94094674844705
4B3	0	22.971779474717493	53.94094674844705
4B3	1	22.971478113128835	53.94118664328285
4B4	0	22.971478113128835	53.94118664328285
4B4	1	22.971159815287724	53.94142765027853
4B5	0	22.971159815287724	53.94142765027853
4B5	1	22.97108655293282	53.94148311803609
4B6	0	22.969973461361864	53.94230574897205
4B6	1	22.969721996411806	53.94248851487326
4B7	0	22.969721996411806	53.94248851487326
4B7	1	22.96946402892813	53.94268474770964
4B8	0	22.96946402892813	53.94268474770964
4B8	1	22.96920605901799	53.942880979974575
4B9	0	22.96920605901799	53.942880979974575
4B9	1	22.968771525975892	53.94321146758957
4BA	0	22.968771525975892	53.94321146758957
4BA	1	22.968336986050176	53.943541953583214
4BB	0	22.968336986050147	53.943541953583214
4BB	1	22.96808863187307	53.94373076311943
4BC	0	22.968088631873098	53.94373076311945
4BC	1	22.9678402754483	53.94391957212604
4BD	0	22.9678402754483	53.94391957212603
4BD	1	22.967463235089184	53.944206205383175
4BE	0	22.966655949142673	53.944826993487226
4BE	1	22.9664824637051	53.94495947541125
4BF	0	22.9664824637051	53.94495947541124
4BF	1	22.96633931026836	53.945069484675024
4C0	0	22.96633931026836	53.945069484675024
4C0	1	22.966200504399836	53.94517611667905
4C1	0	22.966200504399836	53.94517611667905
4C1	1	22.965734317766596	53.945534310920934
4C2	0	22.96463372015075	53.946372256256545
4C2	1	22.96410805265207	53.94676623312865
4C3	0	22.964102929196653	53.94677014258525
4C3	1	22.963968838686327	53.946870432953766
4C4	0	22.963968838686327	53.946870432953766
4C4	1	22.963902566878538	53.94692009054859
4C5	0	22.96381580979103	53.94698502653805
4C5	1	22.963453094525523	53.94725685485151
4C6	0	22.963453094525523	53.94725685485151
4C6	1	22.9630903745337	53.947528682035916
4C7	0	22.9630903745337	53.947528682035916
4C7	1	22.962859649884653	53.94769876336366
4C8	0	22.962831250073734	53.947719903753125
4C8	1	22.962691493372276	53.94782423220448
4C9	0	22.962691493372336	53.94782423220448
4C9	1	22.962551735971868	53.94792856048826
4CA	0	22.96212121929236	53.94825559944972
4CA	1	22.961906656014452	53.948418630157214
4CB	0	22.960697630836037	53.94935022037648
4CB	1	22.96022450771564	53.949701773910455
4CC	0	22.96022450771564	53.94970177391045
4CC	1	22.959751376621927	53.950053325524024
4CD	0	22.959751376621927	53.950053325524024
4CD	1	22.95928180096847	53.95040553507666
4CE	0	22.95849985300564	53.95098704169128
4CE	1	22.958186089825087	53.951217316117514
4CF	0	22.958186089825144	53.95121731611754
4CF	1	22.957756871307538	53.95153231016882
4D0	0	22.957756871307538	53.95153231016882
4D0	1	22.957641418964954	53.951617030523806
4D1	0	22.957641418964954	53.951617030523806
4D1	1	22.95752970326435	53.9518023314176
4D2	0	22.957449120489667	53.95193650509586
4D2	1	22.95740521048117	53.95200513297863
4D3	0	22.95740521048117	53.95200513297863
4D3	1	22.95738151707444	53.95205722320013
4D4	0	22.957324094271993	53.95218202819569
4D4	1	22.95726667112198	53.95230683315971
4D5	0	22.957266671121953	53.95230683315971
4D5	1	22.957224884539663	53.95251623792137
4D6	0	22.957224884539663	53.95251623792137
4D6	1	22.957183097524922	53.95272564265934
4D7	0	22.95715314057167	53.95285667572893
4D7	1	22.95707775649746	53.95318640529409
4D8	0	22.957077756497487	53.95318640529409
4D8	1	22.9569724130811	53.95364716779079
4D9	0	22.9569724130811	53.95364716779079
4D9	1	22.956885719465113	53.954093086256876
4DA	0	22.956885719465113	53.954093086256876
4DA	1	22.956826982313572	53.95440158893546
4DB	0	22.956820978522206	53.95442849341979
4DB	1	22.956778838234325	53.954630526758486
4DC	0	22.956778838234296	53.954630526758486
4DC	1	22.956736697526267	53.95483256007387
4DD	0	22.956736697526267	53.95483256007387
4DD	1	22.956670711968947	53.95517195488127
4DE	0	22.956670711968947	53.95517195488127
4DE	1	22.95660472530369	53.95551134962853
4DF	0	22.95660472530369	53.95551134962853
4DF	1	22.95659442176514	53.955564005247574
4,00E+00	0	22.95659442176514	53.95556400524754
4,00E+00	1	22.956519496929182	53.95594402678554
4,00E+01	0	22.956519496929182	53.95594402678554
4,00E+01	1	22.95644457068528	53.956324048246756
4,00E+02	0	22.956444570685225	53.95632404824674
4,00E+02	1	22.95631394367566	53.956982137380805
4,00E+03	0	22.95631394367566	53.956982137380805
512	0	22.95692579720085	53.95592193711329
512	1	22.956992380906478	53.95558785815836
513	0	22.956992380906478	53.95558785815836
513	1	22.957039688911006	53.95559070963359
516	0	22.95737616266314	53.95393892872819
516	1	22.95749653797633	53.953357890122206
517	0	22.95749653797633	53.953357890122206
517	1	22.957623844912572	53.95292830429611
518	0	22.958188447316928	53.95191166889831
518	1	22.958983914059825	53.95108527480424
519	0	22.95900240058487	53.95106522614588
519	1	22.959099567297912	53.95097368167474
51A	0	22.95909956729794	53.95097368167474
51A	1	22.959472271456097	53.950674481071204
51B	0	22.959472271456097	53.950674481071225
51B	1	22.959844970265237	53.9503752792721
51C	0	22.959844970265237	53.9503752792721
51C	1	22.960044660391393	53.95022299597487
51D	0	22.960044660391393	53.95022299597487
51D	1	22.960516168930486	53.949863162478195
51E	0	22.960516168930486	53.9498631624782
51E	1	22.960948228643073	53.9495334469207
51F	0	22.96179339943516	53.94888786485499
51F	1	22.961802454610535	53.948894452086996
520	0	22.961802454610535	53.948894452086996
520	1	22.962096495044854	53.9486801383696
521	0	22.962096495044882	53.9486801383696
521	1	22.962392339700862	53.94846458757767
522	0	22.962392339700834	53.94846458757767
522	1	22.96261783603565	53.94828978349359
523	0	22.96261783603568	53.948289783493635
523	1	22.962843330480407	53.94811497897259
524	0	22.962843330480407	53.948114978972605
524	1	22.96301254754211	53.947983758275534
525	0	22.96301254754211	53.947983758275534
525	1	22.963181763539072	53.94785253733236
526	0	22.963204342075116	53.94783454524848
526	1	22.96328896094883	53.947770336789596
527	0	22.96328896094883	53.947770336789596
527	1	22.963777281255744	53.94739979625434
528	0	22.963777281255773	53.94739979625436
528	1	22.964350208495276	53.94696504444187
529	0	22.964450950712905	53.94689435828709
529	1	22.96488329348965	53.946564042023226
52A	0	22.96488329348965	53.946564042023226
52A	1	22.965199627030678	53.94631996649309
52B	0	22.965199627030678	53.94631996649309
52B	1	22.965515956869993	53.94607589010318
52C	0	22.965515956869993	53.94607589010318
52C	1	22.965831687814866	53.945838241822855
52D	0	22.96646030755734	53.945365073916456
52D	1	22.966743326397427	53.945152572560744
52E	0	22.966743326397427	53.945152572560744
52E	1	22.967122536199362	53.94486807181059
52F	0	22.967122536199362	53.94486807181057
52F	1	22.96750174083028	53.94458356982639
530	0	22.967501740830308	53.94458356982642
530	1	22.96773622824377	53.94440767137312
531	0	22.967736228243798	53.94440767137316
531	1	22.96799073687654	53.944216579198574
532	0	22.967990736876544	53.94421657919855
532	1	22.96811566068506	53.94412285492673
533	0	22.96811566068506	53.94412285492672
533	1	22.96836566111326	53.94393531745274
534	0	22.96836566111329	53.943935317452755
534	1	22.968615659294322	53.943747779442454
535	0	22.968615659294322	53.943747779442454
535	1	22.96912537549819	53.94336531391549
536	0	22.96912537549819	53.94336531391549
536	1	22.96963508235845	53.94298284615895
537	0	22.971126877890892	53.94182969800476
537	1	22.97159661282002	53.94147861445485
538	0	22.973112807685393	53.94036046260823
538	1	22.973570268010185	53.93999645992962
539	0	22.973570268010214	53.939996459929624
539	1	22.97396344488742	53.9396823441132
53A	0	22.97396344488742	53.9396823441132
53A	1	22.974292022270753	53.93943248289572
53B	0	22.978452390792675	53.93620547780404
53B	1	22.9784625608657	53.9362056963315
53C	0	22.97862329860942	53.93602798927433
53C	1	22.978760936035354	53.936019013743206
53D	0	22.97881683583423	53.935817677661554
53D	1	22.97883182723631	53.93575877007342
53E	0	22.97887559023885	53.935170139474494
53E	1	22.978889412181662	53.93499072572592
53F	0	22.978934358478153	53.9344034529311
53F	1	22.97894151815911	53.93431074827488
540	0	22.979060919253815	53.93375940597449
540	1	22.97913151963311	53.93369892939594
541	0	22.97913151963314	53.93369892939594
541	1	22.9791339569953	53.93367261901058
542	0	22.97914301743714	53.93357481465898
542	1	22.97914798419106	53.93352122284909
543	0	22.97914798419106	53.93352122284909
543	1	22.97901015433158	53.93341946069603
544	0	22.97912033251462	53.93199987137485
544	1	22.979163630458242	53.931442416261675
545	0	22.979163630458242	53.931442416261675
545	1	22.979177848472546	53.93125914195958
546	0	22.97920362855685	53.93092653615667
546	1	22.97921194847869	53.93081958891889
547	0	22.97921194847869	53.93081958891889
547	1	22.979239184448026	53.93046785622902
548	0	22.97925956490585	53.93020672950294
548	1	22.979261590467896	53.930179879907925
549	0	22.979261590467896	53.930179879907925
549	1	22.979299193021998	53.92969623653399
54A	0	22.979299193021998	53.92969623653399
54A	1	22.979339993075907	53.9291694914699
54B	0	22.979339993075907	53.9291694914699
54B	1	22.979381505755367	53.92863502390045
54C	0	22.979381505755395	53.92863502390045
54C	1	22.979422810269536	53.928102800895154
54D	0	22.979422810269536	53.928102800895154
54D	1	22.979453491087817	53.927706439062916
54E	0	22.97945349108779	53.927706439062916
54E	1	22.97948417127601	53.927310077194285
54F	0	22.97948417127601	53.927310077194264
54F	1	22.979514538636657	53.92692027209518
550	0	22.979514538636657	53.92692027209518
550	1	22.979555764697725	53.92627804965236
551	0	22.979558358172675	53.92623764758984
551	1	22.979583786286472	53.92584151495293
552	0	22.9796075110874	53.92554294661296
552	1	22.979608856296913	53.92552608085587
553	0	22.979642631925415	53.9251026092335
553	1	22.97966365311118	53.9248390453921
554	0	22.979663653111157	53.92483904539207
554	1	22.979695882758914	53.92443514859266
555	0	22.979734473343292	53.92395142413793
555	1	22.97980598570803	53.92305401433976
556	0	22.97994395154361	53.92131997853164
556	1	22.979663513632442	53.921292890842544
557	0	22.979663513632442	53.921292890842544
557	1	22.97950211465218	53.921300684678116
558	0	22.979508141143384	53.92122211216949
558	1	22.97968843836829	53.92121340062643
559	0	22.97968843836826	53.92121340062643
559	1	22.979921671641755	53.92120453141923
55A	0	22.979559319946944	53.92004443905957
55A	1	22.979500221596954	53.91991778951128
55B	0	22.977911056696794	53.91639336214837
55B	1	22.97787275969591	53.91639894536322
55C	0	22.977857796389667	53.91636683361518
55C	1	22.97778337455355	53.916207330837125
55D	0	22.97778337455355	53.916207330837125
55D	1	22.97769414459013	53.916015627700645
55E	0	22.97769414459013	53.916015627700645
55E	1	22.977673754258138	53.9159717842005
55F	0	22.977531246255438	53.91566820616297
55F	1	22.97743358754864	53.91546025699585
560	0	22.97743358754864	53.91546025699585
560	1	22.977360671721105	53.91530490438293
561	0	22.976125404005003	53.91268920478107
561	1	22.976022641869775	53.91236885116387
562	0	22.97602264186972	53.91236885116387
562	1	22.975846439002623	53.91181085094474
563	0	22.975846439002623	53.91181085094474
563	1	22.975742062497662	53.91139126209859
564	0	22.975742062497662	53.91139126209859
564	1	22.975696401616354	53.91058444297812
565	0	22.975696401616325	53.91058444297815
565	1	22.975813886939637	53.90999567351149
566	0	22.975813886939637	53.90999567351149
566	1	22.976329463863447	53.908810002778054
567	0	22.97847329640268	53.904973389034964
567	1	22.978407450967378	53.90487013824732
568	0	22.993969840315234	53.87046815706283
568	1	22.994264473855043	53.869841811981225
569	0	22.994264473855043	53.869841811981225
569	1	22.994729733281833	53.868921807295614
56A	0	22.994729733281833	53.868921807295614
56A	1	22.995253502589268	53.86821758634446
56B	0	22.995253502589296	53.86821758634447
56B	1	22.99599453608129	53.86761375323121
56C	0	22.995994536081263	53.86761375323121
56C	1	22.996757967714352	53.8670830680945
56D	0	22.99594810410101	53.86722224228235
56D	1	22.99561246773826	53.8674428844765
56E	0	22.99561246773826	53.86744288447653
56E	1	22.99527105274422	53.86767550004279
56F	0	22.995271043996226	53.86767550600295
56F	1	22.99501466829991	53.86785017956735
570	0	22.994954216967713	53.867891365898124
570	1	22.994615266718938	53.86812229532271
571	0	22.994615266718938	53.86812229532271
571	1	22.994441405336346	53.86846817838466
572	0	22.994441405336346	53.86846817838466
572	1	22.994267541051514	53.86881406116217
573	0	22.97922280997923	53.90139821016527
573	1	22.979202796825803	53.901445214394776
574	0	22.978177125945525	53.9180479961974
574	1	22.978178996200626	53.918052008328885
575	0	22.978180135795377	53.91805445276126
575	1	22.978180259321896	53.918054717664575
576	0	22.978180259321896	53.918054717664575
576	1	22.978180360013507	53.91805493389694
577	0	22.97818036001705	53.91805493392248
577	1	22.978180448010797	53.91805512256681
578	0	22.979149747363177	53.926908006545794
578	1	22.97914658654192	53.9269502209265
579	0	22.979144700021827	53.9269754163199
579	1	22.979135179703242	53.92710255487411
57A	0	22.976026297905438	53.93774558064086
57A	1	22.97592008694737	53.93782913926096
57B	0	22.97592008694737	53.93782913926096
57B	1	22.975845233983392	53.937885244760984
57C	0	22.974791918205643	53.93867475944544
57C	1	22.974745646251574	53.938709469500296
57D	0	22.974745646251517	53.938709469500274
57D	1	22.97466555281075	53.93876955657847
57E	0	22.97466555281075	53.93876955657848
57E	1	22.974539186841934	53.938864353574516
57F	0	22.97453918684196	53.93886435357452
57F	1	22.974442224410982	53.93893693763244
580	0	22.974442224410954	53.938936937632405
580	1	22.974136590415068	53.939165975035074
581	0	22.971086575445064	53.9414831034001
581	1	22.970841513769983	53.94166865640439
582	0	22.970841513770008	53.94166865640441
582	1	22.970533220617913	53.941895819874155
583	0	22.970533220617913	53.941895819874155
583	1	22.97049134132101	53.94192668343311
584	0	22.97049134132101	53.94192668343313
584	1	22.97022492410993	53.94212298252889
585	0	22.97022492410993	53.94212298252889
585	1	22.97004783788383	53.942251691357676
586	0	22.97004783788383	53.942251691357676
586	1	22.96997346136195	53.94230574897205
587	0	22.961906656014452	53.948418630157214
587	1	22.961659110606472	53.948609320437235
588	0	22.961659110606472	53.94860932043724
588	1	22.961411562935066	53.948800010190766
589	0	22.96141156293512	53.94880001019079
589	1	22.961082323356475	53.94905365552112
58A	0	22.961082323356475	53.94905365552112
58A	1	22.96075307977357	53.94930729992009
58B	0	22.9607530797736	53.949307299920086
58B	1	22.960697630836066	53.94935022037648
58C	0	22.95928180096844	53.95040553507666
58C	1	22.95881221738592	53.950757742736855
58D	0	22.95881221738589	53.950757742736855
58D	1	22.958529493567568	53.95096519423272
58E	0	22.957183097524922	53.95272564265935
58E	1	22.95715314057167	53.95285667572893
597	0	22.978220976087236	53.90502885444122
597	1	22.97815887960249	53.90503986376948
598	0	22.978220976087236	53.90502885444122
598	1	22.978346575307423	53.90500143891318
598	2	22.97847161425326	53.90497363387957
599	0	22.97815887960249	53.90503986376948
599	1	22.977586621556405	53.906265075678235
59A	0	22.977586621556405	53.906265075678235
59A	1	22.977202739375183	53.907209453634465
59B	0	22.977360211128886	53.905226323955915
59B	1	22.977007348340138	53.90587311227115
59C	0	22.977027961093892	53.90533462926278
59C	1	22.9772306539067	53.90519123871096
59C	2	22.977566072918304	53.90499824098137
59D	0	22.976966012523835	53.90595728924963
59D	1	22.97686401828887	53.90616486013079
59E	0	22.977007348340138	53.90587311227115
59E	1	22.976966012523835	53.90595728924963
59F	0	22.97686401828887	53.90616486013079
59F	1	22.976715430048916	53.90646726506906
5A0	0	22.979060919253843	53.93375940597453
5A0	1	22.979051666918245	53.93396079893813
5A1	0	22.97903041593359	53.934176163767916
5A1	1	22.979051666918245	53.93396079893813
5A2	0	22.97881683583423	53.93581767766154
5A2	1	22.978697277805722	53.935905707871115
5A3	0	22.97869727780575	53.935905707871115
5A3	1	22.978760934930566	53.93601908997662
5A4	0	22.97396344488742	53.9396823441132
5A4	1	22.974620595719504	53.93918262075133
5A4	2	22.974927020569638	53.938953476058025
5A5	0	22.97502386913117	53.938881125563626
5A5	1	22.97512822960559	53.93880306776949
5A5	2	22.9752773161156	53.938691481316475
5A5	3	22.97537070853808	53.93862156179907
5A6	0	22.974927020569638	53.938953476058025
5A6	1	22.97502386913117	53.938881125563626
5A7	0	22.976287024174976	53.9379607061387
5A7	1	22.97537070853808	53.93862156179907
5A8	0	22.97654057679963	53.93776407120702
5A8	1	22.976332230249838	53.93796226194543
5A8	2	22.97628702431204	53.93796070611677
5A9	0	22.978452390792675	53.93620547780404
5A9	1	22.978363462276103	53.93629316517851
5A9	2	22.97809729902506	53.93651790843048
5A9	3	22.97783689680053	53.936731754608644
5A9	4	22.9775754921598	53.936933228815015
5A9	5	22.977055324998638	53.937340784072
5A9	6	22.97660901491775	53.937698847912344
5AA	0	22.97654057679963	53.93776407120702
5AA	1	22.97660902646445	53.93769888024421
5AB	0	22.978623298609477	53.93602798927433
5AB	1	22.978540724828232	53.936122652772696
5AB	2	22.97846256086573	53.9362056963315
5AC	0	22.974874350368616	53.91032588492047
5AC	1	22.97511481800129	53.91073399307557
5AD	0	22.97557002581726	53.9085911652117
5AD	1	22.975970740376805	53.9083588355786
5AE	0	22.97605605326024	53.90817111139846
5AE	1	22.9765027143831	53.907232176678924
5AF	0	22.976792983372917	53.907448809768105
5AF	1	22.976295328673224	53.908494947048936
5B0	0	22.97950211465218	53.921300684678116
5B0	1	22.97936363924128	53.92130480933345
5B0	2	22.97932907633362	53.921313815479685
5B1	0	22.979508141143384	53.92122211216949
5B1	1	22.979449110542035	53.92122385691346
5B1	2	22.97939007993608	53.92122560162841
5B1	3	22.97931883650006	53.92122582781284
5B2	0	22.97921677909295	53.925234116959295
5B2	1	22.97920672333354	53.92548400983175
5B2	2	22.979205486321984	53.92551598791862
5B3	0	22.96179339943516	53.94888786485499
5B3	1	22.961568479614087	53.949059835922206
5B3	2	22.961343557938363	53.94923180655488
5B3	3	22.961300391196865	53.94926476967508
5B3	4	22.961124310487072	53.949399108431024
5B3	5	22.960948228643073	53.9495334469207
5B5	0	22.978831951001304	53.90231420281804
5B5	1	22.978713113019474	53.90256316249957
5B5	2	22.978466506162107	53.90307967700009
5B5	3	22.978101047792755	53.903845149912534
5B6	0	22.9696633128534	53.94296166148328
5B6	1	22.96963508235845	53.94298284615895
5B7	0	22.962831250073734	53.947719903753125
5B7	1	22.962859649884653	53.94769876336366
5B8	0	22.963204342075116	53.94783454524848
5B8	1	22.963181763539072	53.94785253733236
5B9	0	22.95849985300564	53.95098704169128
5B9	1	22.958529493567568	53.95096519423272
5BA	0	22.95900240058487	53.95106522614588
5BA	1	22.958983914059825	53.95108527480424
5BB	0	22.956826982313572	53.95440158893546
5BB	1	22.956820978522206	53.95442849341979
5BE	0	22.974814466381382	53.91100562393925
5BE	1	22.975063751857338	53.91142601302919
5C0	0	23.001663993446083	53.86338374299274
5C0	1	23.001782366835737	53.86344507333977
5C1	0	23.001782289843568	53.863445031629574
5C1	1	23.001889928505484	53.86350146941849
5C2	0	23.001976985403957	53.86354681466954
5C2	1	23.001889928475563	53.863501469403786
5C3	0	22.962336478475883	53.948092080167925
5C3	1	22.96212121929236	53.94825559944972
5C4	0	22.962551735971868	53.94792856048826
5C4	1	22.962336478475883	53.948092080167925
5C5	0	22.97914658654192	53.9269502209265
5C5	1	22.97914658654192	53.9269502209265
5C5	2	22.97914658654192	53.9269502209265
5C5	3	22.979146585857173	53.926950227184264
5C6	0	22.979146585857173	53.926950227184264
5C6	1	22.97914658476368	53.926950245192735
5C7	0	22.97914658476368	53.926950245192735
5C7	1	22.979146579795074	53.92695030929093
5C8	0	22.97881296435215	53.93132397081088
5C8	1	22.978805788956716	53.93141205808516
5C9	0	22.978759453000524	53.931987727931414
5C9	1	22.978759453000524	53.931987727931414
5C9	2	22.97875728859251	53.932014653511494
5CA	0	22.97875728859251	53.932014653511494
5CA	1	22.97874676706438	53.93214558608347
5CB	0	22.97874676706438	53.93214558608347
5CB	1	22.978731904918263	53.932329294663774
5CB	2	22.97872910108173	53.932363964508646
5CB	3	22.978726874557257	53.932392789199646
5CB	4	22.978722645640467	53.93244491277063
5CB	5	22.97871380490874	53.932553878874835
5CC	0	22.97871380490874	53.932553878874835
5CC	1	22.97871318105388	53.932561599375596
5CC	2	22.978710968091722	53.93258898826178
5CC	3	22.97870992938977	53.932601987883714
5CC	4	22.978707239331715	53.93263568142629
5CC	5	22.978703851893584	53.93267899966907
5CC	6	22.9787025879098	53.93269521608408
5CC	7	22.9787006091991	53.93271936912782
5CC	8	22.978697490067166	53.93275744261066
5CC	9	22.978692392208192	53.93281966913629
5CC	10	22.978689531220812	53.93285576672655
5CC	11	22.97868406018869	53.93292392054185
5CC	12	22.978681844416727	53.932951444962775
5CC	13	22.978678594868224	53.932991813749986
5CC	14	22.978671710590973	53.933077333676295
5CC	15	22.97865936089534	53.93323074680513
5CC	16	22.978652260917073	53.933318834686915
5CC	17	22.9786492014723	53.933356792426636
5CC	18	22.97864516090647	53.933406922566846
5CC	19	22.9786314034888	53.933577441188845
5CD	0	22.9786314034888	53.933577441188845
5CD	1	22.978630793711385	53.93358553989993
5CD	2	22.978627067290134	53.93363503202288
5CD	3	22.978625318420292	53.93365825939914
5CE	0	22.97847858876958	53.93557587561944
5CE	1	22.978474818279267	53.935611785743596
5CE	2	22.97847288417436	53.935629839102525
5CE	3	22.978464954346055	53.93570389357236
5CE	4	22.978431278946974	53.93575464506575
5CE	5	22.978384889450798	53.935820923259925
5CE	6	22.978280665192344	53.93597315043877
5CF	0	22.97909132847454	53.927689118861444
5CF	1	22.979091459184723	53.92768736774932
5CF	2	22.979120635356495	53.927297104042026
5CF	3	22.979135179703242	53.92710255487411
5D0	0	22.979091329717836	53.92768911884109
5D0	1	22.979090237017356	53.92770377510344
5D0	2	22.979089446881748	53.927714307413986
5D0	3	22.979062044456462	53.92808113449404
5D1	0	22.978805788956716	53.93141205808516
5D1	1	22.9788031220869	53.93144645008088
5D1	2	22.978790042107708	53.931607988976616
5D1	3	22.97879004210771	53.931607988976594
5D2	0	22.97925956490585	53.93020672950294
5D2	1	22.979252757131775	53.93029389148954
5D2	2	22.979249374711387	53.930337292867954
5D2	3	22.979239184448026	53.93046785622902
5D3	0	22.97894246685157	53.93429846452951
5D3	1	22.97894246277812	53.93429851841935
5D4	0	22.97894246277812	53.93429851841935
5D4	1	22.97894151815911	53.93431074827488
5D5	0	22.978857486916414	53.935406395336315
5D5	1	22.97884538594937	53.935564055173
5D6	0	22.97884538594937	53.935564055173
5D6	1	22.978843640545794	53.93558679727277
5D7	0	22.978843640545822	53.93558679727277
5D7	1	22.97884175113907	53.93561438502535
5D8	0	22.97884175113907	53.93561438502535
5D8	1	22.97883662607109	53.935689217363695
5D9	0	22.978836626071146	53.9356892173637
5D9	1	22.978831827236338	53.93575877007342
5DA	0	22.979144700021827	53.9269754163199
5DA	1	22.97914658476365	53.926950245192735
5DB	0	22.990117527878656	53.87759762239501
5DB	1	22.99008740219467	53.87753719220184
5DC	0	22.98937076690647	53.87927775197521
5DC	1	22.989353769222976	53.87934886529078
5DD	0	22.989353769222976	53.87934886529078
5DD	1	22.989292737721655	53.87948136116395
5DE	0	22.988328384357718	53.88150067815724
5DE	1	22.987972633130937	53.88227834144956
5DF	0	22.989292737721655	53.87948136116395
5DF	1	22.989273543884917	53.879524682777905
5DF	2	22.989254473465643	53.879568207370404
5DF	3	22.98923540050784	53.879611572244215
5DF	4	22.98917676690501	53.879741754713926
5DF	5	22.98915737043894	53.87978525866022
5DF	6	22.98913806468703	53.87982873430702
5DF	7	22.989080194690796	53.87995916213504
5DF	8	22.989061080426698	53.88000277900648
5DF	9	22.989004771444986	53.880133474122076
5DF	10	22.98898613137879	53.88017673155398
5DF	11	22.9889663338177	53.88021973994519
5DF	12	22.988885559014786	53.8803928993876
5DF	13	22.988865221778024	53.88043632961132
5DF	14	22.988845439249033	53.88048004662206
5DF	15	22.98878862465187	53.88061061457719
5DF	16	22.988769208848005	53.88065379845863
5DF	17	22.988689490765495	53.88082724324018
5DF	18	22.988669918107146	53.88087109258921
5DF	19	22.98859713502815	53.88104560791165
5DF	20	22.988577835306774	53.88108870972033
5DF	21	22.988499498724195	53.88126232337268
5DF	22	22.98848002192387	53.881305626478294
5DF	23	22.98846000525799	53.88134884168716
5DF	24	22.988405492977073	53.881466877613605
5DF	25	22.988328384357718	53.88150067815724
5,00E+00	0	22.98213463832094	53.89500221252621
5,00E+00	1	22.982131204314374	53.89508587839034
5,00E+01	0	22.98213463832094	53.89500221252621
5,00E+01	1	22.982399196784655	53.89442816943954
5,00E+02	0	22.982399196784655	53.89442816943954
5,00E+02	1	22.982449088796145	53.8943767702928
5,00E+03	0	22.985250979393854	53.888114498280146
5,00E+03	1	22.985286555898092	53.88812022191562
5,00E+04	0	22.985121194669027	53.88839231449526
5,00E+04	1	22.985250979393854	53.888114498280146
5,00E+05	0	22.985121194669027	53.88839231449526
5,00E+05	1	22.98515721086335	53.88839810727686
5,00E+06	0	22.98515721086335	53.88839810727686
5,00E+06	1	22.98510259080346	53.888600579006656
5,00E+08	0	22.979222379995438	53.92509192310923
5,00E+08	1	22.97921677909295	53.925234116959295
5,00E+09	0	22.95752970326435	53.95180233141762
5,00E+09	1	22.957449120489667	53.95193650509584
5EA	0	22.95738151707447	53.95205722320013
5EA	1	22.957324094271964	53.95218202819569
5EC	1	22.956795919520683	53.95657357298566
5ED	0	22.956795919520797	53.956573572985675
5ED	1	22.956925797200793	53.95592193711329
5EE	0	22.97955835817273	53.92623764758984
5EE	1	22.979555764697725	53.92627804965236
5EF	0	22.97767375422808	53.91597178413583
5EF	1	22.97766757277977	53.915956905370734
5F0	0	22.977667572749766	53.915956905306054
5F0	1	22.97753124625538	53.91566820616297
5F1	0	22.977360671721105	53.91530490438293
5F1	1	22.97732768177465	53.91523480547903
5F2	0	22.977327681774618	53.91523480547903
5F2	1	22.977234464448443	53.91503625814542
5F3	0	22.97612953463978	53.91270207303066
5F3	1	22.976125404031535	53.9126892048136
5F4	0	22.9771964619883	53.91495531462161
5F4	1	22.977234464448443	53.91503625814542
5F5	0	22.978178996200626	53.918052008328885
5F5	1	22.978179003517724	53.91805202381909
5F5	2	22.97817908149351	53.91805219109111
5F5	3	22.978179094042186	53.91805221801033
5F5	4	22.97817909664864	53.91805222360163
5F5	5	22.97817914114688	53.91805231905844
5F5	6	22.978179211852026	53.91805247073378
5F5	7	22.978179433235788	53.9180529456421
5F5	8	22.97817953245225	53.918053158479424
5F5	9	22.978179561494947	53.918053220781196
5F5	10	22.978179587640067	53.91805327686739
5F5	11	22.978179616461205	53.918053338693966
5F5	12	22.97817965199443	53.91805341491921
5F5	13	22.978179659591728	53.91805343121684
5F5	14	22.97817991954129	53.91805398885648
5F5	15	22.978180135795377	53.91805445276126
5F6	0	22.979888177862403	53.922021488483146
5F6	1	22.979805985708058	53.92305401433976
5F7	0	22.979734473343292	53.92395142413793
5F7	1	22.979714359255105	53.924203551727594
5F7	2	22.979714107488796	53.92420602401255
5F7	3	22.979710822797333	53.9242470279678
5F7	4	22.979695882758968	53.92443514859266
5F8	0	22.979608856296913	53.92552608085587
5F8	1	22.979642631925415	53.9251026092335
5F9	0	22.9795837862865	53.925841514952936
5F9	1	22.9796075110874	53.92554294661296
5FA	0	22.979168715325905	53.92643642585061
5FA	1	22.979168419134563	53.92644375883731
5FB	0	22.979168419134535	53.92644375883732
5FB	1	22.979166791893867	53.92648404536046
5FC	0	22.979166791893867	53.92648404536048
5FC	1	22.97915948508795	53.92666494005572
5FD	0	22.97915948508795	53.92666494005572
5FD	1	22.979157529881913	53.926713744385914
5FD	2	22.97915752241095	53.926713930868004
5FD	3	22.979157513227033	53.92671416011047
5FD	4	22.979157510733792	53.92671422234439
5FD	5	22.979157508125702	53.926714287445094
5FD	6	22.979157505443837	53.926714354388146
5FD	7	22.979157502604206	53.926714425268884
5FD	8	22.979157499971038	53.92671449099632
5FD	9	22.979157482188704	53.92671493486847
5FD	10	22.979157465959947	53.92671533996051
5FD	11	22.979157448979308	53.92671576382103
5FD	12	22.979157436858266	53.92671606637869
5FD	13	22.979157425093014	53.92671636005646
5FD	14	22.97915741489221	53.9267166146831
5FD	15	22.979157404169705	53.9267168823318
5FD	16	22.97915739419762	53.92671713124957
5FD	17	22.97915738816878	53.92671728173751
5FD	18	22.979157379175795	53.92671750621549
5FD	19	22.97915737018278	53.92671773069347
5FD	20	22.97915736014852	53.926717981163385
5FD	21	22.97915729350462	53.92671964469137
5FD	22	22.979157303647295	53.92671973509483
5FD	23	22.97915723250295	53.92672116738498
5FD	24	22.979157235398933	53.9267214440595
5FD	25	22.979157226037533	53.92672168034586
5FD	26	22.979153036219998	53.92682692913111
5FD	27	22.979151617749682	53.9268625555099
5FD	28	22.97914974736315	53.926908006545766
5FE	0	22.97920362855685	53.93092653615667
5FE	1	22.979200539191766	53.930965776770805
5FE	2	22.97917784847257	53.93125914195958
5FF	0	22.97879004210771	53.931607988976594
5FF	1	22.97877448242948	53.931802483763306
5FF	2	22.978759453000524	53.931987727931414
600	0	22.97912033251462	53.93199987137485
600	1	22.97910811779898	53.93215719443156
601	0	22.97910811779898	53.93215719443156
601	1	22.9790889842164	53.93240458376077
602	0	22.979088984216347	53.932404583760736
602	1	22.97907635293226	53.932566485895464
602	2	22.97907432711582	53.93259333547568
603	0	22.97907432711582	53.93259333547568
603	1	22.979063226279703	53.932736201244126
603	2	22.979052786024074	53.93287071606084
603	3	22.97904769462033	53.93293581802972
603	4	22.9790237416378	53.93324336954494
603	5	22.97901015433158	53.933419460696044
604	0	22.978625318420264	53.93365825939914
604	1	22.978598693280066	53.93400649262653
604	2	22.978566288178435	53.93442925673806
605	0	22.978934358478153	53.9344034529311
605	1	22.978931656397275	53.9344392823019
605	2	22.9789178348485	53.93461869607327
605	3	22.97891042212623	53.93471648568339
605	4	22.97889925426819	53.93486204648679
605	5	22.978889412181662	53.93499072572592
606	0	22.978545066851968	53.93470583118668
606	1	22.978544736137092	53.934710130288806
607	0	22.978858795250417	53.93539023247313
607	1	22.978857486916414	53.935406395336315
608	0	22.97887559023885	53.935170139474494
608	1	22.978858795250446	53.93539023247313
609	0	22.978280665192344	53.93597315043877
609	1	22.978065510483326	53.93614389993921
60A	0	22.96463372015075	53.946372256256545
60A	1	22.965268123127764	53.945892503295816
60B	0	22.964102929196653	53.94677014258525
60B	1	22.96410805265207	53.94676623312865
60C	0	22.963902566878538	53.94692009054859
60C	1	22.963815809791058	53.946985026538066
60E	0	22.99091388683309	53.87597009873727
60E	1	22.990469577607673	53.876876343314564
60F	0	22.99091388683309	53.87597009873727
60F	1	22.990903147409554	53.875952970495355
610	0	22.990469577607673	53.876876343314564
610	1	22.990382640158707	53.87690752306887
611	0	22.990903147409554	53.875952970495355
611	1	22.990888596615637	53.87594010454926
612	0	22.9912212229893	53.87527467030878
612	1	22.990888596615637	53.87594010454926
613	0	22.991796685147964	53.87410174122594
613	1	22.991269215802713	53.875235964170564
614	0	22.9912212229893	53.87527467030878
614	1	22.991269215802713	53.875235964170564
615	0	22.988000866015327	53.8822953462856
615	1	22.987062884465782	53.88433668253728
616	0	22.98706287499218	53.88433670321869
616	1	22.985478307261186	53.8878065383509
617	0	22.987972633130937	53.882278341449556
617	1	22.988000866015327	53.8822953462856
618	0	22.985478307261186	53.8878065383509
618	1	22.98541647791705	53.88787593252834
618	2	22.985410079069847	53.887887884590626
618	3	22.98538711198388	53.887930745739276
618	4	22.985363861155513	53.88797413701981
618	5	22.985356489672718	53.887987885193226
618	6	22.985341130940654	53.88801651050205
618	7	22.985318523092296	53.88805948438685
618	8	22.985295943630813	53.88810240612141
618	9	22.98528655589815	53.88812022191562
619	0	22.983375860309636	53.89234844361158
619	1	22.98295956918939	53.89327467533714
61A	0	22.98295956918966	53.893274675336585
61A	1	22.982704646141695	53.89381650262396
61B	0	22.98510259080346	53.888600579006656
61B	1	22.984666055261343	53.88959144409699
61B	2	22.984386237935624	53.890168221525485
61B	3	22.98411665821581	53.89075343302473
61B	4	22.9835372320564	53.89196403953766
61B	5	22.983375860309426	53.892348443612036
61C	0	22.982704646141695	53.89381650262396
61C	1	22.982654652498876	53.89380844894806
61D	0	22.982449088796116	53.8943767702928
61D	1	22.982620238870567	53.894011337958645
61E	0	22.982620238870567	53.894011337958645
61E	1	22.982568091288133	53.894002613154115
61F	0	22.98037992613798	53.898814228080006
61F	1	22.98081165616746	53.89793432167466
620	0	22.98157476466273	53.89621103712458
620	1	22.981700931206618	53.896008843201535
621	0	22.98157476466273	53.89621103712458
621	1	22.981477330109115	53.896489596579
622	0	22.981700931206618	53.896008843201486
622	1	22.981811890953843	53.895770269949615
622	2	22.9820255912319	53.89531224391769
622	3	22.982131204314374	53.89508587839034
623	0	22.98081165616746	53.89793432167466
623	1	22.981008907729276	53.89749668998697
623	2	22.98141040772373	53.89663348073851
623	3	22.98147733010909	53.896489596579
624	0	22.98037992613798	53.898814228080006
624	1	22.980174305891477	53.89937210602934
625	0	22.978473310380366	53.90497337174545
625	1	22.97847161425326	53.90497363387957
626	0	22.979205486322073	53.92551598791961
626	1	22.979196819646674	53.92573390398638
627	0	22.978544736137092	53.934710130288806
627	1	22.978524233095868	53.93497899440787
628	0	22.978498912406312	53.935311154507346
628	1	22.978494918966398	53.93536242802519
629	0	22.967463235089127	53.944206205383175
629	1	22.967223672775553	53.94439023652179
62A	0	22.967223672775553	53.94439023652179
62A	1	22.967026553845855	53.94454237408018
62B	0	22.967026553845855	53.94454237408018
62B	1	22.966829433478424	53.94469451130472
62B	2	22.966750415070276	53.94475484347841
62B	3	22.966655949142613	53.944826993487226
62C	0	22.99501466829991	53.86785017956735
62C	1	22.994954216967713	53.867891365898124
62D	0	22.975063751857338	53.91142601302919
62D	1	22.975068886157736	53.91143671138471
62D	2	22.975082659231447	53.91146541034763
62D	3	22.975105689494498	53.9115133984317
62D	4	22.975327152432254	53.911974854254254
62D	5	22.975339624405272	53.91200087676437
62E	0	22.975339604956904	53.91200083900352
62E	1	22.975727240052485	53.91275345412394
62E	2	22.975986155562442	53.91329885205364
62E	3	22.976225875388632	53.91380373662347
62E	4	22.976328772100835	53.914026987687336
62F	0	22.976328777768845	53.91402699999526
62F	1	22.976420235729517	53.91422565374739
62F	2	22.97642458983643	53.91423519260719
630	0	22.97642458983643	53.91423519260719
630	1	22.976425754382152	53.914237607460805
630	2	22.97647084116496	53.914335506513915
630	3	22.97650883200505	53.91441885710074
630	4	22.976621508368428	53.91466593249081
630	5	22.97681796339885	53.91509711733477
630	6	22.976912066654556	53.91530346813885
631	0	22.977222742565374	53.91598501619902
631	1	22.97704352612227	53.91559186694478
631	2	22.976912058568725	53.915303460189264
632	0	22.990382640158735	53.87690752306885
632	1	22.990300117978013	53.87705885002165
633	0	22.990117527878656	53.87759762239501
633	1	22.990092177552064	53.877654119994254
633	2	22.990047285419696	53.87775356520704
633	3	22.99003345257222	53.87778412236048
633	4	22.990013295241518	53.87782727489424
633	5	22.989993073336375	53.87787058986716
633	6	22.989932521981068	53.87800044499304
633	7	22.989912027566103	53.87804370067871
633	8	22.989891698642463	53.87808724862401
633	9	22.989832843121096	53.87821767370497
633	10	22.989820790185302	53.878244574795126
633	11	22.989768675309158	53.87825390410311
634	0	22.989492280916867	53.878875449035114
634	1	22.98952633046872	53.87892098790814
634	2	22.989453471811114	53.879088227546696
634	3	22.989434424804376	53.87913162803425
634	4	22.98941524827904	53.879174916464066
634	5	22.989385757101388	53.879244979399786
634	6	22.98937076690647	53.87927775197521
635	0	22.97903041593359	53.934176163767916
635	1	22.97894246277812	53.93429851841935
636	0	22.957039688911006	53.95559070963359
636	1	22.95733242188531	53.954120554418886
645	0	22.993675197859986	53.871094501316925
645	1	22.993459683129867	53.871553207611214
645	2	22.99306258382662	53.872418427589444
645	3	22.99267764048742	53.87328329893706
645	4	22.99207724456591	53.87454541153788
645	5	22.99186085343002	53.87502010189461
645	6	22.991468414830244	53.875878436584024
645	7	22.9910821652516	53.87673799008761
645	8	22.990659110388815	53.87761601274607
645	9	22.99006279025114	53.878899445056916
645	10	22.98996119697207	53.87912062490276
645	11	22.98996119697207	53.87912062490276
646	0	22.98996119697207	53.87912062490276
646	1	22.989463532808013	53.88020854842391
646	2	22.98919181667024	53.88079922160179
647	0	22.98919181667024	53.88079922160179
647	1	22.98906062648853	53.881086914559766
647	2	22.9886556347511	53.881956455808265
647	3	22.988257340132478	53.88281877373167
647	4	22.987860126026284	53.88368604147654
647	5	22.987450234966907	53.884554818327935
647	6	22.98705272227784	53.88543304321707
647	7	22.986256141231717	53.88715739709426
647	8	22.985998292695566	53.88771178811344
648	0	22.985998292695566	53.88771178811344
648	1	22.98564326444161	53.8884913455484
648	2	22.98464994272724	53.89062736380315
648	3	22.98425286034884	53.891495518771436
648	4	22.983849718592865	53.89236820373891
648	5	22.983447944463403	53.893233979959476
648	6	22.983042059971137	53.89409918082406
648	7	22.982815402724377	53.89459344567433
649	0	22.993969840315234	53.870468157062795
649	1	22.993675197859986	53.871094501316925
64A	0	23.00166396923411	53.86338375659594
64A	1	23.00151295771024	53.86348533677417
64A	2	22.99911478259638	53.8650881655997
64A	3	22.99913490947	53.86510176158758
64B	0	22.996800015267038	53.86705412445675
64B	1	22.996757970495178	53.86708306616148
64C	0	22.97477444528113	53.91015586991265
64C	1	22.974874324936987	53.91032594361056
64D	0	22.97914301743714	53.93357481465898
64D	1	22.97899857089289	53.933569600634584
64D	2	22.97899098659748	53.93366819750583
64D	3	22.9791339569953	53.93367261901058
64E	0	22.979500221596954	53.91991778951128
64E	1	22.97956042041984	53.91991669084366
64F	0	22.977747002678313	53.93614733212083
64F	1	22.978034215636914	53.93616873577582
64F	2	22.97798157976119	53.93621016055413
64F	3	22.977737461356018	53.9361919090865
650	0	22.976337641681422	53.9069303749097
650	1	22.976685405640797	53.907128469249805
650	2	22.977202739375183	53.907209453634465
651	0	22.9765027143831	53.907232176678924
651	1	22.976553366381292	53.90726338569238
651	2	22.97670241907911	53.90737872817321
651	3	22.976792983372917	53.907448809768105
652	0	22.97605605326024	53.90817111139846
652	1	22.976102174282655	53.90823353207344
652	2	22.976295328673224	53.908494947048936
653	0	22.975970740376805	53.9083588355786
653	1	22.976329463863447	53.908810002778054
657	0	22.964450950712905	53.94689435828709
657	1	22.964410468086843	53.94687451065958
657	2	22.964319502153664	53.94694336436416
657	3	22.96431344493228	53.946948074477774
657	4	22.964350208495276	53.94696504444187
658	0	22.99656984347683	53.866647509789395
658	1	22.99660142543808	53.866668238619155
658	2	22.99664195603709	53.8667470220526
658	3	22.99641297727081	53.86690675904574
658	4	22.99625219288798	53.866878727097074
659	0	22.993121240673233	53.8713184497393
659	1	22.993121240673233	53.8713184497393
659	2	22.993262829385948	53.87102580738623
659	3	22.993833181283787	53.86975121614247
659	4	22.994249902796817	53.86885063264603
659	5	22.994267541051514	53.86881406116217
65A	0	22.978831951001304	53.90231420281804
65A	1	22.979202796825803	53.901445214394776
65B	0	22.97612953463978	53.91270207303066
65B	1	22.976943003218995	53.91441518879597
65B	2	22.9771964619883	53.91495531462161
65C	0	22.992215612852196	53.87327953713289
65C	1	22.99224614064205	53.87321264392372
65C	2	22.992641351752283	53.872351094923175
65C	3	22.993040222838044	53.871488407138976
65C	4	22.993121240673233	53.8713184497393
65C	5	22.993121240673233	53.8713184497393
65D	0	22.982815402724377	53.89459344567433
65D	1	22.982247990301104	53.89583161529377
65D	2	22.981447415206553	53.897566055779976
65D	3	22.981043275147098	53.898437374615135
65D	4	22.980638952561268	53.899296739636476
65D	5	22.98023593526763	53.9001642912233
65D	6	22.97963076145209	53.90146592495167
65D	7	22.97912502676613	53.90267540014523
65D	8	22.978868962830735	53.90321110034182
65D	9	22.978234238198255	53.904466738731365
65D	10	22.97807225150545	53.90470698271525
65E	0	22.98017430554009	53.89937210678
65E	1	22.980174305891477	53.89937210602937
65F	0	23.001976876369284	53.86354688642244
65F	1	23.001136954006125	53.86410706880281
65F	2	23.000120886921962	53.86476875624694
65F	3	22.999155457508742	53.86542852117872
65F	4	22.99815257614397	53.86612741268443
65F	5	22.996800015267038	53.86705412445675
660	0	22.977857796371726	53.916366833576696
660	1	22.97787275969591	53.91639894536322
661	0	22.95737616266314	53.95393892872821
661	1	22.95733242188531	53.954120554418886
662	0	22.978450473341464	53.91760078671524
662	1	22.977911056696794	53.91639336214837
663	0	22.97956042041984	53.91991669084366
663	1	22.97923005076812	53.91918870151128
663	2	22.979205235503287	53.91913674227403
663	3	22.978820353949814	53.91830799541324
663	4	22.978610604926498	53.91783606514352
664	0	22.978450473341464	53.91760078671524
664	1	22.97857408390099	53.91783651582524
665	0	22.97935445821811	53.921225714725914
665	1	22.979342622717493	53.92083283532811
665	2	22.97938576257007	53.920729914624495
665	3	22.97931200976685	53.92048225595912
665	4	22.97912903072104	53.92008993813537
666	0	22.97936363924128	53.92130480933345
666	1	22.97940797733038	53.92147339289769
666	2	22.979432001449638	53.921972373315306
667	0	22.979559319946944	53.92004443905957
667	1	22.979771029867198	53.92049822208406
667	2	22.97989168175237	53.920756773449234
667	3	22.979965700961554	53.92104871432034
667	4	22.979953408853074	53.92120325153383
668	0	22.97994395154361	53.92131997853164
668	1	22.97993719106041	53.9214062109941
668	2	22.97992613888393	53.92154486590451
668	3	22.979888177862403	53.922021488483146
669	0	22.97311280768542	53.94036046260823
669	1	22.972365645652136	53.940918012032064
669	2	22.971739859457685	53.94137884356152
66A	0	22.97159661282002	53.94147861445485
66A	1	22.971649315306223	53.94144190739249
66A	2	22.971739859457685	53.94137884356152
66B	0	22.971083966850298	53.9418636636706
66B	1	22.97048615388207	53.94231488872497
66B	2	22.969994111920627	53.94268684388335
66B	3	22.9696633128534	53.94296166148328
66C	0	22.971083966850298	53.9418636636706
66C	1	22.971126877890892	53.94182969800476
66D	0	22.966458052875126	53.9453667710619
66D	1	22.96649784347652	53.94539577203255
66D	2	22.965870426192286	53.945860139007564
66E	0	22.965831687814866	53.945838241822855
66E	1	22.965870426192286	53.945860139007564
66F	0	22.958188447316928	53.95191166889831
66F	1	22.957963312294257	53.9522494634369
66F	2	22.957862768088585	53.95242132250419
670	0	22.957623844912572	53.95292830429611
670	1	22.957862768088585	53.95242132250419
671	0	22.978574083900963	53.91783651582524
671	1	22.978610604926498	53.9178360651435